label	cA	robust_radius
0	0	5.073727e-01
0	0	4.499490e-01
0	0	4.725347e-01
0	0	4.725347e-01
0	0	4.499490e-01
0	0	4.725347e-01
0	0	4.499490e-01
0	0	4.193166e-01
0	0	4.725347e-01
0	0	4.725347e-01
0	0	4.499490e-01
0	0	4.725347e-01
0	0	4.725347e-01
0	0	4.725347e-01
0	0	5.073727e-01
0	0	4.329771e-01
0	0	4.329771e-01
0	0	3.520249e-01
0	0	5.073727e-01
0	0	5.073727e-01
0	0	3.212063e-01
0	0	4.499490e-01
0	0	4.329771e-01
0	0	4.078641e-01
0	0	4.725347e-01
0	0	5.073727e-01
0	0	4.725347e-01
0	0	5.073727e-01
0	0	4.499490e-01
0	0	4.329771e-01
0	0	4.499490e-01
0	0	4.725347e-01
0	0	5.073727e-01
0	0	2.600661e-01
0	0	3.473461e-01
0	0	4.725347e-01
0	0	5.073727e-01
0	0	3.624273e-01
0	0	4.193166e-01
0	0	4.725347e-01
0	0	4.329771e-01
0	0	4.725347e-01
0	0	3.388294e-01
0	0	4.193166e-01
0	0	1.015666e-01
0	0	4.329771e-01
0	0	4.725347e-01
0	0	4.499490e-01
0	0	1.516184e-01
0	0	4.193166e-01
0	0	4.499490e-01
0	0	9.143221e-02
0	0	5.073727e-01
0	0	4.499490e-01
0	0	5.073727e-01
0	0	1.187180e-01
0	0	4.725347e-01
0	0	4.499490e-01
0	0	5.073727e-01
0	0	4.725347e-01
0	0	4.725347e-01
0	0	4.078641e-01
0	0	4.193166e-01
0	0	2.552778e-01
0	0	4.193166e-01
0	0	4.725347e-01
0	0	4.499490e-01
0	0	1.417676e-02
0	0	5.073727e-01
0	0	4.725347e-01
0	0	4.499490e-01
0	0	4.725347e-01
0	0	4.725347e-01
0	0	4.193166e-01
0	0	4.725347e-01
0	0	5.073727e-01
0	0	5.073727e-01
0	0	2.519094e-01
0	0	4.329771e-01
0	0	4.499490e-01
0	0	4.193166e-01
0	0	4.499490e-01
0	0	4.078641e-01
0	0	3.243911e-01
0	0	4.725347e-01
0	0	4.193166e-01
0	0	4.725347e-01
0	0	4.725347e-01
0	0	4.725347e-01
0	0	5.073727e-01
0	0	6.219573e-02
0	0	4.725347e-01
0	0	5.073727e-01
0	0	3.815948e-01
0	1	8.291114e-02
0	0	4.725347e-01
0	0	1.689676e-01
0	0	1.337546e-01
0	0	5.073727e-01
0	0	5.073727e-01
0	0	4.499490e-01
0	0	4.725347e-01
0	0	4.499490e-01
0	0	4.499490e-01
0	0	3.022869e-01
0	0	4.329771e-01
0	0	4.499490e-01
0	0	5.073727e-01
0	0	5.073727e-01
0	0	2.955546e-01
0	0	4.725347e-01
0	0	4.499490e-01
0	0	4.499490e-01
0	0	4.499490e-01
0	0	4.725347e-01
0	0	3.979970e-01
0	0	4.499490e-01
0	0	5.073727e-01
0	0	5.073727e-01
0	0	4.193166e-01
0	0	5.073727e-01
0	0	3.682621e-01
0	0	3.979970e-01
0	0	4.725347e-01
0	0	5.073727e-01
0	0	3.152468e-01
0	0	3.893271e-01
0	0	2.770314e-01
0	0	9.664940e-02
0	0	4.499490e-01
0	0	4.499490e-01
0	0	4.499490e-01
0	0	4.499490e-01
0	0	5.073727e-01
0	0	5.073727e-01
0	0	5.073727e-01
0	0	1.027869e-01
0	0	4.725347e-01
0	0	4.193166e-01
0	0	4.499490e-01
0	0	4.329771e-01
0	0	4.078641e-01
0	0	5.073727e-01
0	0	4.499490e-01
0	0	5.073727e-01
0	0	3.979970e-01
0	0	4.193166e-01
0	0	5.073727e-01
0	0	3.979970e-01
0	0	7.098564e-02
0	0	4.725347e-01
0	0	4.725347e-01
0	0	4.329771e-01
0	0	4.725347e-01
0	0	3.181620e-01
0	0	4.499490e-01
0	0	5.819682e-03
0	0	4.725347e-01
0	0	4.725347e-01
0	0	3.570354e-01
0	0	5.073727e-01
0	0	5.073727e-01
0	0	4.499490e-01
0	0	4.499490e-01
0	0	4.499490e-01
0	0	5.073727e-01
0	0	7.875256e-02
0	0	4.725347e-01
0	0	4.725347e-01
0	0	4.329771e-01
0	0	4.078641e-01
0	0	4.078641e-01
0	0	4.725347e-01
0	0	4.725347e-01
0	0	5.073727e-01
0	0	4.725347e-01
0	0	4.725347e-01
0	0	4.499490e-01
0	0	4.499490e-01
0	0	4.725347e-01
0	0	4.725347e-01
0	0	1.079187e-01
0	0	3.624273e-01
0	0	4.078641e-01
0	0	4.725347e-01
0	0	1.543799e-01
0	0	4.329771e-01
0	0	4.725347e-01
0	0	3.349299e-01
0	0	4.078641e-01
0	0	5.073727e-01
0	0	5.073727e-01
0	0	4.847942e-02
0	0	3.570354e-01
0	0	4.499490e-01
0	0	4.725347e-01
0	0	4.725347e-01
0	0	4.725347e-01
0	0	4.078641e-01
0	0	4.193166e-01
0	0	4.499490e-01
0	0	2.541350e-01
0	0	1.314958e-01
0	0	3.097638e-01
0	0	5.073727e-01
0	0	3.979970e-01
0	0	2.708698e-01
0	0	6.967912e-02
0	0	4.329771e-01
0	0	4.329771e-01
0	0	4.499490e-01
0	1	1.687022e-01
0	0	4.078641e-01
0	0	3.473461e-01
0	0	4.329771e-01
0	0	4.725347e-01
0	0	4.193166e-01
0	0	5.073727e-01
0	0	4.725347e-01
0	0	4.193166e-01
0	0	4.499490e-01
0	0	4.725347e-01
0	0	4.329771e-01
0	0	1.456335e-01
0	0	4.499490e-01
0	0	4.329771e-01
0	0	4.725347e-01
0	0	4.725347e-01
0	0	4.725347e-01
0	0	4.329771e-01
0	0	4.499490e-01
0	0	4.193166e-01
0	0	3.979970e-01
0	0	4.499490e-01
0	0	4.725347e-01
0	0	4.078641e-01
0	0	4.499490e-01
0	0	4.499490e-01
0	0	4.725347e-01
0	0	5.073727e-01
0	0	4.329771e-01
0	0	4.725347e-01
0	0	3.893271e-01
0	0	4.193166e-01
0	0	1.581572e-01
0	0	5.073727e-01
0	0	5.073727e-01
0	0	4.329771e-01
0	0	4.499490e-01
0	0	4.499490e-01
0	0	4.499490e-01
0	0	5.073727e-01
0	0	4.499490e-01
0	0	4.499490e-01
0	0	4.193166e-01
0	1	9.074696e-02
0	0	4.725347e-01
0	0	4.725347e-01
0	0	4.499490e-01
0	0	4.499490e-01
0	0	4.725347e-01
0	0	4.499490e-01
0	0	4.193166e-01
0	0	4.193166e-01
0	0	4.499490e-01
0	0	4.499490e-01
0	0	4.499490e-01
0	0	5.073727e-01
0	0	5.073727e-01
0	0	4.499490e-01
0	1	2.600661e-01
0	0	4.499490e-01
0	0	3.893271e-01
0	0	4.725347e-01
0	0	3.893271e-01
0	0	4.725347e-01
0	0	4.725347e-01
0	0	3.979970e-01
0	0	5.073727e-01
0	0	4.725347e-01
0	0	5.073727e-01
0	0	5.073727e-01
0	0	1.220474e-01
0	0	5.073727e-01
0	0	2.999673e-01
0	0	4.329771e-01
0	0	4.329771e-01
0	0	4.725347e-01
0	0	5.073727e-01
0	0	4.329771e-01
0	0	4.725347e-01
0	0	4.725347e-01
0	0	3.893271e-01
0	0	5.073727e-01
0	0	4.499490e-01
0	0	4.725347e-01
0	0	1.300863e-01
0	0	2.770314e-01
0	0	3.349299e-01
0	0	5.073727e-01
0	0	3.046889e-01
0	0	4.329771e-01
0	0	4.499490e-01
0	0	3.682621e-01
0	0	5.073727e-01
0	0	5.073727e-01
0	0	4.499490e-01
0	0	4.193166e-01
0	0	3.520249e-01
0	0	4.499490e-01
0	0	5.073727e-01
0	0	4.725347e-01
0	0	4.499490e-01
0	0	4.725347e-01
0	0	1.560255e-01
0	0	5.073727e-01
0	0	1.096450e-01
0	0	4.725347e-01
0	1	1.535760e-01
0	0	4.725347e-01
0	0	4.499490e-01
0	0	4.725347e-01
0	0	5.073727e-01
0	0	4.193166e-01
0	0	4.193166e-01
0	0	4.499490e-01
0	0	3.815948e-01
0	0	5.073727e-01
0	0	2.270050e-01
0	0	4.499490e-01
0	0	5.073727e-01
0	0	4.329771e-01
0	0	3.893271e-01
0	0	4.329771e-01
0	0	4.499490e-01
0	0	3.520249e-01
0	0	1.568679e-01
0	0	4.193166e-01
0	0	4.329771e-01
0	0	4.329771e-01
0	0	1.566561e-01
0	0	5.073727e-01
0	0	5.073727e-01
0	0	4.725347e-01
0	0	5.073727e-01
0	0	4.725347e-01
0	0	4.725347e-01
0	0	5.073727e-01
0	0	4.725347e-01
0	0	4.499490e-01
0	0	4.725347e-01
0	0	4.078641e-01
0	0	5.073727e-01
0	0	4.499490e-01
0	0	5.073727e-01
0	0	4.193166e-01
0	0	3.979970e-01
0	0	3.893271e-01
0	0	3.022869e-01
0	0	4.499490e-01
0	0	3.979970e-01
0	0	5.073727e-01
0	0	4.499490e-01
0	0	3.893271e-01
0	0	5.073727e-01
0	0	4.329771e-01
0	0	3.152468e-01
0	0	5.073727e-01
0	0	1.302128e-01
0	0	4.499490e-01
0	0	4.193166e-01
0	0	5.073727e-01
0	0	2.914141e-01
0	0	4.725347e-01
0	0	4.078641e-01
0	1	8.385200e-03
0	0	5.073727e-01
0	0	4.725347e-01
0	0	4.329771e-01
0	0	4.499490e-01
0	0	2.977248e-01
0	0	8.477966e-02
0	0	4.193166e-01
0	0	5.073727e-01
0	0	1.137446e-01
0	1	7.098564e-02
0	0	4.499490e-01
0	0	4.725347e-01
0	0	2.694163e-01
0	0	2.127497e-01
0	0	4.725347e-01
0	0	4.725347e-01
0	0	4.193166e-01
0	0	1.867145e-01
0	0	3.979970e-01
0	0	4.499490e-01
0	0	4.725347e-01
0	0	4.499490e-01
0	0	1.043380e-01
0	0	4.725347e-01
0	0	4.725347e-01
0	0	3.746177e-01
0	0	4.725347e-01
0	0	4.078641e-01
0	0	4.725347e-01
0	0	4.499490e-01
0	0	4.725347e-01
0	0	5.073727e-01
0	0	4.725347e-01
0	0	4.329771e-01
0	0	5.073727e-01
0	0	4.725347e-01
0	0	4.725347e-01
0	0	5.073727e-01
0	0	4.725347e-01
0	0	4.329771e-01
0	0	4.078641e-01
0	0	4.193166e-01
0	0	4.329771e-01
0	0	3.815948e-01
0	0	5.073727e-01
0	0	5.073727e-01
0	0	4.725347e-01
0	0	3.893271e-01
0	0	5.073727e-01
0	0	4.725347e-01
0	0	4.329771e-01
0	0	4.499490e-01
0	0	4.078641e-01
0	0	4.499490e-01
0	0	4.725347e-01
0	0	4.499490e-01
0	0	4.329771e-01
0	0	5.073727e-01
0	0	5.073727e-01
0	0	4.725347e-01
0	0	4.499490e-01
0	0	4.329771e-01
0	0	3.520249e-01
0	0	4.725347e-01
0	0	5.073727e-01
0	0	4.078641e-01
0	0	1.171336e-01
0	0	5.073727e-01
0	0	4.078641e-01
0	0	5.127847e-02
0	0	3.815948e-01
0	0	4.725347e-01
0	0	5.073727e-01
0	0	1.405783e-01
0	0	5.073727e-01
0	0	5.073727e-01
0	0	4.499490e-01
0	0	2.541350e-01
0	-1	0.000000e+00
0	0	4.078641e-01
0	0	4.725347e-01
0	0	1.099809e-01
0	0	3.682621e-01
0	0	1.933229e-01
0	0	4.725347e-01
0	0	4.329771e-01
0	0	5.073727e-01
0	0	4.499490e-01
0	1	5.073727e-01
0	0	4.725347e-01
0	0	5.073727e-01
0	0	4.329771e-01
0	0	4.329771e-01
0	0	3.979970e-01
0	0	3.979970e-01
0	0	4.725347e-01
0	0	5.073727e-01
0	0	4.725347e-01
0	0	4.499490e-01
0	0	4.725347e-01
0	0	4.725347e-01
0	0	5.073727e-01
0	0	4.499490e-01
0	0	4.499490e-01
0	0	3.815948e-01
0	0	3.746177e-01
0	0	5.073727e-01
0	0	4.329771e-01
0	0	4.725347e-01
0	0	5.073727e-01
0	0	3.046889e-01
0	0	3.124504e-01
0	0	4.499490e-01
0	0	4.725347e-01
0	0	3.746177e-01
0	0	4.499490e-01
0	0	3.624273e-01
0	0	5.073727e-01
0	1	1.161686e-01
0	0	4.329771e-01
0	0	4.499490e-01
0	0	4.329771e-01
0	0	1.154100e-01
0	0	4.725347e-01
1	1	5.073727e-01
1	0	1.104039e-01
1	0	2.820654e-01
1	1	9.445784e-02
1	1	8.643224e-03
1	0	1.387475e-01
1	1	1.275003e-01
1	0	6.410550e-02
1	1	4.725347e-01
1	1	5.073727e-01
1	1	5.073727e-01
1	1	2.382121e-01
0	0	8.087993e-02
0	0	4.329771e-01
0	0	5.073727e-01
0	0	4.329771e-01
0	0	1.149417e-01
0	0	5.073727e-01
0	0	2.347956e-01
0	0	4.193166e-01
0	0	4.725347e-01
0	0	3.815948e-01
0	0	4.725347e-01
0	0	4.725347e-01
0	0	4.329771e-01
0	0	4.329771e-01
0	0	4.499490e-01
0	0	4.725347e-01
0	0	5.073727e-01
0	0	5.073727e-01
0	0	4.329771e-01
0	0	4.499490e-01
0	0	4.499490e-01
0	0	2.977248e-01
0	0	4.499490e-01
0	0	5.073727e-01
0	0	3.181620e-01
0	0	4.499490e-01
1	1	2.446861e-01
1	1	2.955546e-01
1	1	5.073727e-01
1	1	3.124504e-01
0	0	5.073727e-01
1	1	5.130434e-02
0	0	4.329771e-01
1	1	5.073727e-01
0	1	1.241352e-01
0	0	4.193166e-01
0	0	4.725347e-01
0	0	4.499490e-01
0	0	4.329771e-01
0	0	4.499490e-01
0	0	4.499490e-01
0	0	5.073727e-01
0	0	4.725347e-01
0	0	1.878260e-01
0	0	4.078641e-01
0	0	4.078641e-01
0	0	5.073727e-01
0	0	4.193166e-01
0	0	5.073727e-01
0	0	4.193166e-01
0	0	2.666037e-01
0	0	5.073727e-01
0	0	4.078641e-01
0	0	4.725347e-01
0	0	3.349299e-01
0	0	5.073727e-01
0	0	5.073727e-01
0	0	4.329771e-01
0	0	4.078641e-01
0	0	4.725347e-01
0	0	5.073727e-01
0	0	3.429588e-01
0	0	4.193166e-01
0	0	4.329771e-01
0	0	4.725347e-01
0	0	4.725347e-01
0	0	4.499490e-01
0	0	5.073727e-01
0	0	4.329771e-01
0	0	4.499490e-01
0	0	3.624273e-01
0	0	4.725347e-01
0	0	3.570354e-01
0	0	4.499490e-01
0	0	5.073727e-01
0	0	3.682621e-01
0	0	4.193166e-01
0	0	4.499490e-01
0	0	4.725347e-01
0	0	1.705877e-01
0	0	3.746177e-01
0	0	2.977700e-02
0	0	4.499490e-01
0	0	4.193166e-01
0	0	4.078641e-01
0	0	4.329771e-01
0	0	4.499490e-01
0	0	3.624273e-01
0	0	4.725347e-01
0	0	4.499490e-01
0	0	4.725347e-01
0	0	4.329771e-01
0	0	4.193166e-01
0	0	1.733997e-01
0	0	4.725347e-01
0	0	4.499490e-01
0	0	4.078641e-01
0	0	4.725347e-01
0	0	4.499490e-01
0	0	4.725347e-01
0	0	5.224377e-02
0	0	4.329771e-01
0	0	4.725347e-01
0	0	4.329771e-01
0	0	4.499490e-01
0	0	5.073727e-01
0	0	7.705504e-02
0	0	4.725347e-01
0	0	4.193166e-01
0	0	1.395024e-01
0	0	3.277295e-01
0	0	5.073727e-01
0	0	4.725347e-01
0	0	4.725347e-01
0	0	4.329771e-01
0	0	3.181620e-01
0	0	4.193166e-01
0	0	4.725347e-01
0	0	4.329771e-01
0	0	5.073727e-01
0	0	4.499490e-01
0	0	4.725347e-01
0	0	1.785384e-01
0	0	4.329771e-01
0	0	4.329771e-01
0	0	3.022869e-01
0	0	4.329771e-01
0	0	4.725347e-01
0	0	3.979970e-01
0	0	3.893271e-01
0	0	3.893271e-01
0	0	1.047903e-01
0	0	4.499490e-01
0	0	3.429588e-01
0	0	3.097638e-01
0	0	4.078641e-01
0	0	3.746177e-01
0	0	4.499490e-01
0	0	4.725347e-01
0	0	1.053235e-01
0	0	7.303198e-02
0	0	4.725347e-01
0	0	4.725347e-01
0	0	4.725347e-01
0	0	1.456335e-01
0	0	4.725347e-01
0	0	4.499490e-01
0	0	3.349299e-01
0	0	4.725347e-01
0	0	4.499490e-01
0	0	4.499490e-01
0	0	4.725347e-01
0	0	5.073727e-01
0	0	4.725347e-01
0	0	4.193166e-01
0	0	4.725347e-01
0	0	4.725347e-01
0	0	4.725347e-01
0	0	4.725347e-01
0	0	4.499490e-01
0	0	4.329771e-01
0	0	4.499490e-01
0	0	3.893271e-01
0	0	3.746177e-01
0	0	4.329771e-01
0	0	5.073727e-01
0	0	4.329771e-01
0	0	4.725347e-01
0	0	4.725347e-01
0	0	4.329771e-01
0	0	4.193166e-01
0	0	4.499490e-01
0	0	4.725347e-01
0	0	4.725347e-01
0	0	4.193166e-01
0	0	4.499490e-01
0	0	5.073727e-01
0	0	5.073727e-01
0	0	4.329771e-01
0	0	5.073727e-01
0	0	3.893271e-01
0	0	5.073727e-01
0	0	5.073727e-01
0	0	5.073727e-01
0	0	3.520249e-01
0	0	1.949964e-01
0	0	3.893271e-01
0	0	4.193166e-01
0	0	4.725347e-01
0	0	4.329771e-01
0	0	3.124504e-01
0	0	4.193166e-01
0	0	3.388294e-01
0	0	4.499490e-01
0	0	4.193166e-01
0	0	4.499490e-01
0	0	4.725347e-01
0	0	5.073727e-01
0	0	4.725347e-01
0	0	4.499490e-01
0	0	4.499490e-01
0	0	4.193166e-01
0	0	5.073727e-01
0	0	3.893271e-01
0	0	5.073727e-01
0	0	4.499490e-01
0	0	5.073727e-01
0	0	5.073727e-01
0	0	4.725347e-01
0	0	4.725347e-01
0	0	4.725347e-01
0	0	5.073727e-01
0	0	4.725347e-01
0	0	3.746177e-01
0	0	4.725347e-01
0	0	4.499490e-01
0	0	4.078641e-01
0	0	4.725347e-01
0	0	4.329771e-01
0	0	4.078641e-01
0	0	5.073727e-01
0	0	5.073727e-01
0	0	4.725347e-01
0	0	3.277295e-01
0	0	3.520249e-01
0	0	3.815948e-01
0	0	5.073727e-01
0	0	4.078641e-01
0	0	4.329771e-01
0	0	4.329771e-01
0	0	3.388294e-01
0	0	3.979970e-01
0	0	5.073727e-01
0	0	1.494728e-02
0	0	3.682621e-01
0	0	5.073727e-01
0	0	4.499490e-01
0	0	4.499490e-01
0	0	3.815948e-01
0	0	4.725347e-01
0	0	4.499490e-01
0	0	5.073727e-01
0	0	1.190208e-01
0	0	9.841049e-02
0	0	4.725347e-01
0	0	4.499490e-01
0	0	4.499490e-01
0	0	4.725347e-01
0	0	4.725347e-01
0	0	4.499490e-01
0	0	4.499490e-01
0	0	5.073727e-01
0	0	4.725347e-01
0	0	5.073727e-01
0	0	4.499490e-01
0	0	4.329771e-01
0	0	4.725347e-01
0	0	5.073727e-01
0	0	4.725347e-01
0	0	4.725347e-01
0	0	3.815948e-01
0	0	4.499490e-01
0	0	5.073727e-01
0	0	4.725347e-01
0	0	3.243911e-01
0	0	4.499490e-01
0	0	5.073727e-01
0	0	3.429588e-01
0	0	3.072034e-02
0	0	4.725347e-01
0	0	4.329771e-01
0	0	4.499490e-01
0	0	4.329771e-01
0	0	3.212063e-01
0	0	4.499490e-01
0	0	3.893271e-01
0	0	5.073727e-01
0	0	4.499490e-01
0	0	4.329771e-01
0	0	4.193166e-01
0	0	5.073727e-01
0	0	4.725347e-01
0	0	1.030785e-01
0	0	5.073727e-01
0	0	3.277295e-01
0	0	5.073727e-01
0	0	2.977248e-01
0	0	4.193166e-01
0	0	4.193166e-01
0	0	5.073727e-01
0	0	4.725347e-01
0	0	3.815948e-01
0	0	4.725347e-01
0	0	4.499490e-01
0	0	4.329771e-01
0	0	4.193166e-01
0	0	4.499490e-01
0	0	4.499490e-01
0	0	4.193166e-01
0	0	9.495010e-02
0	0	3.349299e-01
0	0	4.725347e-01
0	0	4.725347e-01
0	0	5.073727e-01
0	0	4.912262e-02
0	0	4.725347e-01
0	0	4.499490e-01
0	0	1.298342e-01
0	0	3.624273e-01
0	0	4.725347e-01
0	0	9.814551e-02
0	0	3.429588e-01
0	0	3.815948e-01
0	0	4.329771e-01
0	0	1.714162e-01
0	0	4.725347e-01
0	0	4.725347e-01
0	0	4.329771e-01
0	0	4.725347e-01
0	0	5.073727e-01
0	0	4.499490e-01
0	0	4.499490e-01
0	0	5.073727e-01
0	0	4.193166e-01
0	0	3.312367e-01
0	0	5.073727e-01
0	0	4.499490e-01
0	1	5.073727e-01
0	0	4.329771e-01
0	0	4.499490e-01
0	0	4.329771e-01
0	0	3.979970e-01
0	0	1.086511e-01
0	0	4.329771e-01
0	0	4.329771e-01
0	0	5.073727e-01
0	0	4.329771e-01
0	0	5.073727e-01
0	0	4.193166e-01
0	0	4.193166e-01
0	0	4.329771e-01
0	0	4.193166e-01
0	0	4.499490e-01
0	0	5.073727e-01
0	0	4.725347e-01
0	0	4.725347e-01
0	0	5.073727e-01
0	0	3.815948e-01
0	0	1.355524e-01
0	0	3.520249e-01
0	0	5.073727e-01
0	0	3.893271e-01
0	0	6.762196e-02
0	0	5.073727e-01
0	0	4.725347e-01
0	0	3.124504e-01
0	0	4.499490e-01
0	0	4.725347e-01
0	0	3.682621e-01
0	0	4.725347e-01
0	0	5.073727e-01
0	0	4.329771e-01
0	0	4.193166e-01
0	0	5.073727e-01
0	0	4.725347e-01
0	0	4.725347e-01
0	0	3.570354e-01
0	0	1.703143e-01
0	0	1.285923e-01
0	0	4.499490e-01
0	0	5.073727e-01
0	0	3.388294e-01
0	0	3.520249e-01
0	0	4.725347e-01
0	0	3.893271e-01
0	0	4.329771e-01
0	0	4.499490e-01
0	0	4.725347e-01
0	0	4.499490e-01
0	0	4.725347e-01
0	0	4.725347e-01
0	0	3.979970e-01
0	0	4.193166e-01
0	0	4.725347e-01
0	0	4.078641e-01
0	0	5.073727e-01
0	0	8.548660e-02
0	0	4.193166e-01
0	0	4.499490e-01
0	0	3.624273e-01
0	0	4.499490e-01
0	0	3.682621e-01
0	0	4.329771e-01
0	0	4.725347e-01
0	0	4.078641e-01
0	0	3.979970e-01
0	0	5.073727e-01
0	0	1.355524e-01
0	0	3.349299e-01
0	0	4.078641e-01
0	0	2.541350e-01
0	0	3.815948e-01
0	0	4.499490e-01
0	0	4.499490e-01
0	0	4.499490e-01
0	0	4.725347e-01
0	0	4.329771e-01
0	0	5.073727e-01
0	0	5.073727e-01
0	0	4.078641e-01
0	0	4.499490e-01
0	0	4.499490e-01
0	0	4.329771e-01
0	0	3.746177e-01
0	0	5.073727e-01
0	0	5.073727e-01
0	0	4.499490e-01
0	0	4.725347e-01
0	0	4.193166e-01
0	0	3.570354e-01
0	0	4.329771e-01
0	0	3.152468e-01
0	0	4.725347e-01
0	0	4.329771e-01
0	0	4.499490e-01
0	0	4.329771e-01
0	0	4.725347e-01
0	0	1.010027e-01
0	0	1.785384e-01
0	0	5.073727e-01
0	0	5.073727e-01
0	0	4.725347e-01
0	0	4.329771e-01
0	0	5.073727e-01
0	0	4.725347e-01
0	0	4.193166e-01
0	0	4.193166e-01
0	0	3.181620e-01
0	0	4.499490e-01
0	0	5.073727e-01
0	0	4.725347e-01
0	0	4.725347e-01
0	0	5.166777e-02
0	0	4.725347e-01
0	0	3.979970e-01
0	0	4.499490e-01
0	0	2.694163e-01
0	0	4.725347e-01
0	0	4.725347e-01
0	0	5.073727e-01
0	0	3.243911e-01
0	0	4.725347e-01
0	0	3.815948e-01
0	0	4.329771e-01
0	0	4.329771e-01
0	0	5.073727e-01
0	0	4.840567e-02
0	0	4.725347e-01
0	0	3.388294e-01
0	0	4.725347e-01
0	0	4.725347e-01
0	0	4.193166e-01
0	0	4.193166e-01
0	0	4.499490e-01
0	0	4.725347e-01
0	0	4.078641e-01
0	0	4.329771e-01
0	0	3.893271e-01
0	0	3.979970e-01
0	0	3.473461e-01
0	0	5.073727e-01
0	0	3.979970e-01
0	0	4.329771e-01
0	0	4.725347e-01
0	0	4.499490e-01
0	0	4.078641e-01
0	0	4.329771e-01
0	0	4.725347e-01
0	0	4.193166e-01
0	0	5.073727e-01
0	1	1.865963e-02
0	0	4.078641e-01
0	0	4.725347e-01
0	0	4.329771e-01
0	0	3.212063e-01
0	0	4.329771e-01
0	0	4.193166e-01
0	0	4.725347e-01
